(kicad_pcb (version 20171130) (host pcbnew "(5.1.12-1-10_14)")

  (general
    (thickness 1.6)
    (drawings 12)
    (tracks 429)
    (zones 0)
    (modules 84)
    (nets 52)
  )

  (page A4)
  (layers
    (0 F.Cu signal)
    (1 In1.Cu signal)
    (2 In2.Cu signal)
    (31 B.Cu signal)
    (32 B.Adhes user)
    (33 F.Adhes user)
    (34 B.Paste user)
    (35 F.Paste user)
    (36 B.SilkS user)
    (37 F.SilkS user)
    (38 B.Mask user)
    (39 F.Mask user)
    (40 Dwgs.User user)
    (41 Cmts.User user)
    (42 Eco1.User user)
    (43 Eco2.User user)
    (44 Edge.Cuts user)
    (45 Margin user)
    (46 B.CrtYd user)
    (47 F.CrtYd user)
    (48 B.Fab user)
    (49 F.Fab user)
  )

  (setup
    (last_trace_width 0.25)
    (trace_clearance 0.2)
    (zone_clearance 0.508)
    (zone_45_only no)
    (trace_min 0.2)
    (via_size 0.8)
    (via_drill 0.4)
    (via_min_size 0.4)
    (via_min_drill 0.3)
    (uvia_size 0.3)
    (uvia_drill 0.1)
    (uvias_allowed no)
    (uvia_min_size 0.2)
    (uvia_min_drill 0.1)
    (edge_width 0.05)
    (segment_width 0.2)
    (pcb_text_width 0.3)
    (pcb_text_size 1.5 1.5)
    (mod_edge_width 0.12)
    (mod_text_size 1 1)
    (mod_text_width 0.15)
    (pad_size 1.524 1.524)
    (pad_drill 0.762)
    (pad_to_mask_clearance 0)
    (aux_axis_origin 0 0)
    (visible_elements 7FFF7FFF)
    (pcbplotparams
      (layerselection 0x010fc_ffffffff)
      (usegerberextensions false)
      (usegerberattributes true)
      (usegerberadvancedattributes true)
      (creategerberjobfile true)
      (excludeedgelayer true)
      (linewidth 0.100000)
      (plotframeref false)
      (viasonmask false)
      (mode 1)
      (useauxorigin false)
      (hpglpennumber 1)
      (hpglpenspeed 20)
      (hpglpendiameter 15.000000)
      (psnegative false)
      (psa4output false)
      (plotreference true)
      (plotvalue true)
      (plotinvisibletext false)
      (padsonsilk false)
      (subtractmaskfromsilk false)
      (outputformat 1)
      (mirror false)
      (drillshape 1)
      (scaleselection 1)
      (outputdirectory ""))
  )

  (net 0 "")
  (net 1 -5V)
  (net 2 GND)
  (net 3 +5V)
  (net 4 /emg_module/sheet625420F9/BP_NOTCH)
  (net 5 /emg_module/sheet625420FA/BP_NOTCH)
  (net 6 "Net-(C20-Pad2)")
  (net 7 "Net-(C20-Pad1)")
  (net 8 "Net-(C21-Pad1)")
  (net 9 "Net-(D1-Pad2)")
  (net 10 "Net-(D1-Pad1)")
  (net 11 "Net-(D2-Pad2)")
  (net 12 "Net-(R10-Pad2)")
  (net 13 /emg_module/sheet625420F9/RECT_AMP)
  (net 14 /emg_module/sheet625420FA/RECT_AMP)
  (net 15 /emg_module/OUT_A)
  (net 16 /emg_module/OUT_B)
  (net 17 /emg_module/REF_A)
  (net 18 /emg_module/REF_B)
  (net 19 /emg_module/VIN_B)
  (net 20 /emg_module/sheet625420FC/+VIN_B_INA)
  (net 21 /emg_module/sheet625420FD/+VIN_A_INA)
  (net 22 /emg_module/VIN_A)
  (net 23 "Net-(R32-Pad1)")
  (net 24 "Net-(C5-Pad2)")
  (net 25 "Net-(C6-Pad2)")
  (net 26 "Net-(C6-Pad1)")
  (net 27 "Net-(C7-Pad2)")
  (net 28 "Net-(C7-Pad1)")
  (net 29 "Net-(C8-Pad2)")
  (net 30 "Net-(C13-Pad2)")
  (net 31 "Net-(C13-Pad1)")
  (net 32 "Net-(C14-Pad1)")
  (net 33 "Net-(C15-Pad1)")
  (net 34 "Net-(C22-Pad1)")
  (net 35 "Net-(D3-Pad2)")
  (net 36 "Net-(D3-Pad1)")
  (net 37 "Net-(D4-Pad2)")
  (net 38 "Net-(R1-Pad2)")
  (net 39 "Net-(R3-Pad1)")
  (net 40 "Net-(R6-Pad1)")
  (net 41 "Net-(R14-Pad1)")
  (net 42 "Net-(R15-Pad2)")
  (net 43 "Net-(R18-Pad1)")
  (net 44 "Net-(R19-Pad1)")
  (net 45 "Net-(R21-Pad2)")
  (net 46 "Net-(R22-Pad1)")
  (net 47 "Net-(R27-Pad1)")
  (net 48 "Net-(R28-Pad2)")
  (net 49 "Net-(R31-Pad1)")
  (net 50 "Net-(R34-Pad2)")
  (net 51 "Net-(R35-Pad1)")

  (net_class Default "This is the default net class."
    (clearance 0.2)
    (trace_width 0.25)
    (via_dia 0.8)
    (via_drill 0.4)
    (uvia_dia 0.3)
    (uvia_drill 0.1)
    (add_net +5V)
    (add_net -5V)
    (add_net /emg_module/OUT_A)
    (add_net /emg_module/OUT_B)
    (add_net /emg_module/REF_A)
    (add_net /emg_module/REF_B)
    (add_net /emg_module/VIN_A)
    (add_net /emg_module/VIN_B)
    (add_net /emg_module/sheet625420F9/BP_NOTCH)
    (add_net /emg_module/sheet625420F9/RECT_AMP)
    (add_net /emg_module/sheet625420FA/BP_NOTCH)
    (add_net /emg_module/sheet625420FA/RECT_AMP)
    (add_net /emg_module/sheet625420FC/+VIN_B_INA)
    (add_net /emg_module/sheet625420FD/+VIN_A_INA)
    (add_net GND)
    (add_net "Net-(C13-Pad1)")
    (add_net "Net-(C13-Pad2)")
    (add_net "Net-(C14-Pad1)")
    (add_net "Net-(C15-Pad1)")
    (add_net "Net-(C20-Pad1)")
    (add_net "Net-(C20-Pad2)")
    (add_net "Net-(C21-Pad1)")
    (add_net "Net-(C22-Pad1)")
    (add_net "Net-(C5-Pad2)")
    (add_net "Net-(C6-Pad1)")
    (add_net "Net-(C6-Pad2)")
    (add_net "Net-(C7-Pad1)")
    (add_net "Net-(C7-Pad2)")
    (add_net "Net-(C8-Pad2)")
    (add_net "Net-(D1-Pad1)")
    (add_net "Net-(D1-Pad2)")
    (add_net "Net-(D2-Pad2)")
    (add_net "Net-(D3-Pad1)")
    (add_net "Net-(D3-Pad2)")
    (add_net "Net-(D4-Pad2)")
    (add_net "Net-(R1-Pad2)")
    (add_net "Net-(R10-Pad2)")
    (add_net "Net-(R14-Pad1)")
    (add_net "Net-(R15-Pad2)")
    (add_net "Net-(R18-Pad1)")
    (add_net "Net-(R19-Pad1)")
    (add_net "Net-(R21-Pad2)")
    (add_net "Net-(R22-Pad1)")
    (add_net "Net-(R27-Pad1)")
    (add_net "Net-(R28-Pad2)")
    (add_net "Net-(R3-Pad1)")
    (add_net "Net-(R31-Pad1)")
    (add_net "Net-(R32-Pad1)")
    (add_net "Net-(R34-Pad2)")
    (add_net "Net-(R35-Pad1)")
    (add_net "Net-(R6-Pad1)")
  )

  (module Resistor_SMD:R_0805_2012Metric (layer F.Cu) (tedit 5F68FEEE) (tstamp 61F9C03D)
    (at 95.63 130.375 180)
    (descr "Resistor SMD 0805 (2012 Metric), square (rectangular) end terminal, IPC_7351 nominal, (Body size source: IPC-SM-782 page 72, https://www.pcb-3d.com/wordpress/wp-content/uploads/ipc-sm-782a_amendment_1_and_2.pdf), generated with kicad-footprint-generator")
    (tags resistor)
    (path /622DADD3/62542101/621836B6)
    (attr smd)
    (fp_text reference R25 (at 0 -1.65) (layer F.SilkS)
      (effects (font (size 1 1) (thickness 0.15)))
    )
    (fp_text value 5k (at 0 1.65) (layer F.Fab)
      (effects (font (size 1 1) (thickness 0.15)))
    )
    (fp_text user %R (at 0 0) (layer F.Fab)
      (effects (font (size 0.5 0.5) (thickness 0.08)))
    )
    (fp_line (start -1 0.625) (end -1 -0.625) (layer F.Fab) (width 0.1))
    (fp_line (start -1 -0.625) (end 1 -0.625) (layer F.Fab) (width 0.1))
    (fp_line (start 1 -0.625) (end 1 0.625) (layer F.Fab) (width 0.1))
    (fp_line (start 1 0.625) (end -1 0.625) (layer F.Fab) (width 0.1))
    (fp_line (start -0.227064 -0.735) (end 0.227064 -0.735) (layer F.SilkS) (width 0.12))
    (fp_line (start -0.227064 0.735) (end 0.227064 0.735) (layer F.SilkS) (width 0.12))
    (fp_line (start -1.68 0.95) (end -1.68 -0.95) (layer F.CrtYd) (width 0.05))
    (fp_line (start -1.68 -0.95) (end 1.68 -0.95) (layer F.CrtYd) (width 0.05))
    (fp_line (start 1.68 -0.95) (end 1.68 0.95) (layer F.CrtYd) (width 0.05))
    (fp_line (start 1.68 0.95) (end -1.68 0.95) (layer F.CrtYd) (width 0.05))
    (pad 2 smd roundrect (at 0.9125 0 180) (size 1.025 1.4) (layers F.Cu F.Paste F.Mask) (roundrect_rratio 0.243902)
      (net 46 "Net-(R22-Pad1)"))
    (pad 1 smd roundrect (at -0.9125 0 180) (size 1.025 1.4) (layers F.Cu F.Paste F.Mask) (roundrect_rratio 0.243902)
      (net 11 "Net-(D2-Pad2)"))
    (model ${KISYS3DMOD}/Resistor_SMD.3dshapes/R_0805_2012Metric.wrl
      (at (xyz 0 0 0))
      (scale (xyz 1 1 1))
      (rotate (xyz 0 0 0))
    )
  )

  (module Diode_SMD:D_SOD-323 (layer F.Cu) (tedit 58641739) (tstamp 61F9BECA)
    (at 96.3 128.32125)
    (descr SOD-323)
    (tags SOD-323)
    (path /622DADD3/62542101/621836C2)
    (attr smd)
    (fp_text reference D2 (at 0 -1.85) (layer F.SilkS)
      (effects (font (size 1 1) (thickness 0.15)))
    )
    (fp_text value 1N4148 (at 0.1 1.9) (layer F.Fab)
      (effects (font (size 1 1) (thickness 0.15)))
    )
    (fp_text user %R (at 0 -1.85) (layer F.Fab)
      (effects (font (size 1 1) (thickness 0.15)))
    )
    (fp_line (start -1.5 -0.85) (end -1.5 0.85) (layer F.SilkS) (width 0.12))
    (fp_line (start 0.2 0) (end 0.45 0) (layer F.Fab) (width 0.1))
    (fp_line (start 0.2 0.35) (end -0.3 0) (layer F.Fab) (width 0.1))
    (fp_line (start 0.2 -0.35) (end 0.2 0.35) (layer F.Fab) (width 0.1))
    (fp_line (start -0.3 0) (end 0.2 -0.35) (layer F.Fab) (width 0.1))
    (fp_line (start -0.3 0) (end -0.5 0) (layer F.Fab) (width 0.1))
    (fp_line (start -0.3 -0.35) (end -0.3 0.35) (layer F.Fab) (width 0.1))
    (fp_line (start -0.9 0.7) (end -0.9 -0.7) (layer F.Fab) (width 0.1))
    (fp_line (start 0.9 0.7) (end -0.9 0.7) (layer F.Fab) (width 0.1))
    (fp_line (start 0.9 -0.7) (end 0.9 0.7) (layer F.Fab) (width 0.1))
    (fp_line (start -0.9 -0.7) (end 0.9 -0.7) (layer F.Fab) (width 0.1))
    (fp_line (start -1.6 -0.95) (end 1.6 -0.95) (layer F.CrtYd) (width 0.05))
    (fp_line (start 1.6 -0.95) (end 1.6 0.95) (layer F.CrtYd) (width 0.05))
    (fp_line (start -1.6 0.95) (end 1.6 0.95) (layer F.CrtYd) (width 0.05))
    (fp_line (start -1.6 -0.95) (end -1.6 0.95) (layer F.CrtYd) (width 0.05))
    (fp_line (start -1.5 0.85) (end 1.05 0.85) (layer F.SilkS) (width 0.12))
    (fp_line (start -1.5 -0.85) (end 1.05 -0.85) (layer F.SilkS) (width 0.12))
    (pad 2 smd rect (at 1.05 0) (size 0.6 0.45) (layers F.Cu F.Paste F.Mask)
      (net 11 "Net-(D2-Pad2)"))
    (pad 1 smd rect (at -1.05 0) (size 0.6 0.45) (layers F.Cu F.Paste F.Mask)
      (net 9 "Net-(D1-Pad2)"))
    (model ${KISYS3DMOD}/Diode_SMD.3dshapes/D_SOD-323.wrl
      (at (xyz 0 0 0))
      (scale (xyz 1 1 1))
      (rotate (xyz 0 0 0))
    )
  )

  (module Resistor_SMD:R_0805_2012Metric (layer F.Cu) (tedit 5F68FEEE) (tstamp 61F9BF08)
    (at 96.95 125.5375 90)
    (descr "Resistor SMD 0805 (2012 Metric), square (rectangular) end terminal, IPC_7351 nominal, (Body size source: IPC-SM-782 page 72, https://www.pcb-3d.com/wordpress/wp-content/uploads/ipc-sm-782a_amendment_1_and_2.pdf), generated with kicad-footprint-generator")
    (tags resistor)
    (path /622DADD3/62542101/621836B0)
    (attr smd)
    (fp_text reference R13 (at 0 -1.65 90) (layer F.SilkS)
      (effects (font (size 1 1) (thickness 0.15)))
    )
    (fp_text value 10k (at 0 1.65 90) (layer F.Fab)
      (effects (font (size 1 1) (thickness 0.15)))
    )
    (fp_text user %R (at 0 0 90) (layer F.Fab)
      (effects (font (size 0.5 0.5) (thickness 0.08)))
    )
    (fp_line (start -1 0.625) (end -1 -0.625) (layer F.Fab) (width 0.1))
    (fp_line (start -1 -0.625) (end 1 -0.625) (layer F.Fab) (width 0.1))
    (fp_line (start 1 -0.625) (end 1 0.625) (layer F.Fab) (width 0.1))
    (fp_line (start 1 0.625) (end -1 0.625) (layer F.Fab) (width 0.1))
    (fp_line (start -0.227064 -0.735) (end 0.227064 -0.735) (layer F.SilkS) (width 0.12))
    (fp_line (start -0.227064 0.735) (end 0.227064 0.735) (layer F.SilkS) (width 0.12))
    (fp_line (start -1.68 0.95) (end -1.68 -0.95) (layer F.CrtYd) (width 0.05))
    (fp_line (start -1.68 -0.95) (end 1.68 -0.95) (layer F.CrtYd) (width 0.05))
    (fp_line (start 1.68 -0.95) (end 1.68 0.95) (layer F.CrtYd) (width 0.05))
    (fp_line (start 1.68 0.95) (end -1.68 0.95) (layer F.CrtYd) (width 0.05))
    (pad 2 smd roundrect (at 0.9125 0 90) (size 1.025 1.4) (layers F.Cu F.Paste F.Mask) (roundrect_rratio 0.243902)
      (net 10 "Net-(D1-Pad1)"))
    (pad 1 smd roundrect (at -0.9125 0 90) (size 1.025 1.4) (layers F.Cu F.Paste F.Mask) (roundrect_rratio 0.243902)
      (net 11 "Net-(D2-Pad2)"))
    (model ${KISYS3DMOD}/Resistor_SMD.3dshapes/R_0805_2012Metric.wrl
      (at (xyz 0 0 0))
      (scale (xyz 1 1 1))
      (rotate (xyz 0 0 0))
    )
  )

  (module Diode_SMD:D_SOD-323 (layer F.Cu) (tedit 58641739) (tstamp 61F9BE85)
    (at 94.9 125.5375 270)
    (descr SOD-323)
    (tags SOD-323)
    (path /622DADD3/62542101/621836C8)
    (attr smd)
    (fp_text reference D1 (at 0 -1.85 90) (layer F.SilkS)
      (effects (font (size 1 1) (thickness 0.15)))
    )
    (fp_text value 1N4148 (at 0.1 1.9 90) (layer F.Fab)
      (effects (font (size 1 1) (thickness 0.15)))
    )
    (fp_text user %R (at 0 -1.85 90) (layer F.Fab)
      (effects (font (size 1 1) (thickness 0.15)))
    )
    (fp_line (start -1.5 -0.85) (end -1.5 0.85) (layer F.SilkS) (width 0.12))
    (fp_line (start 0.2 0) (end 0.45 0) (layer F.Fab) (width 0.1))
    (fp_line (start 0.2 0.35) (end -0.3 0) (layer F.Fab) (width 0.1))
    (fp_line (start 0.2 -0.35) (end 0.2 0.35) (layer F.Fab) (width 0.1))
    (fp_line (start -0.3 0) (end 0.2 -0.35) (layer F.Fab) (width 0.1))
    (fp_line (start -0.3 0) (end -0.5 0) (layer F.Fab) (width 0.1))
    (fp_line (start -0.3 -0.35) (end -0.3 0.35) (layer F.Fab) (width 0.1))
    (fp_line (start -0.9 0.7) (end -0.9 -0.7) (layer F.Fab) (width 0.1))
    (fp_line (start 0.9 0.7) (end -0.9 0.7) (layer F.Fab) (width 0.1))
    (fp_line (start 0.9 -0.7) (end 0.9 0.7) (layer F.Fab) (width 0.1))
    (fp_line (start -0.9 -0.7) (end 0.9 -0.7) (layer F.Fab) (width 0.1))
    (fp_line (start -1.6 -0.95) (end 1.6 -0.95) (layer F.CrtYd) (width 0.05))
    (fp_line (start 1.6 -0.95) (end 1.6 0.95) (layer F.CrtYd) (width 0.05))
    (fp_line (start -1.6 0.95) (end 1.6 0.95) (layer F.CrtYd) (width 0.05))
    (fp_line (start -1.6 -0.95) (end -1.6 0.95) (layer F.CrtYd) (width 0.05))
    (fp_line (start -1.5 0.85) (end 1.05 0.85) (layer F.SilkS) (width 0.12))
    (fp_line (start -1.5 -0.85) (end 1.05 -0.85) (layer F.SilkS) (width 0.12))
    (pad 2 smd rect (at 1.05 0 270) (size 0.6 0.45) (layers F.Cu F.Paste F.Mask)
      (net 9 "Net-(D1-Pad2)"))
    (pad 1 smd rect (at -1.05 0 270) (size 0.6 0.45) (layers F.Cu F.Paste F.Mask)
      (net 10 "Net-(D1-Pad1)"))
    (model ${KISYS3DMOD}/Diode_SMD.3dshapes/D_SOD-323.wrl
      (at (xyz 0 0 0))
      (scale (xyz 1 1 1))
      (rotate (xyz 0 0 0))
    )
  )

  (module Resistor_SMD:R_0805_2012Metric (layer F.Cu) (tedit 5F68FEEE) (tstamp 61F9BFDD)
    (at 87.7 128.975 180)
    (descr "Resistor SMD 0805 (2012 Metric), square (rectangular) end terminal, IPC_7351 nominal, (Body size source: IPC-SM-782 page 72, https://www.pcb-3d.com/wordpress/wp-content/uploads/ipc-sm-782a_amendment_1_and_2.pdf), generated with kicad-footprint-generator")
    (tags resistor)
    (path /622DADD3/62542101/621836BC)
    (attr smd)
    (fp_text reference R22 (at 0 -1.65) (layer F.SilkS)
      (effects (font (size 1 1) (thickness 0.15)))
    )
    (fp_text value 10k (at 0 1.65) (layer F.Fab)
      (effects (font (size 1 1) (thickness 0.15)))
    )
    (fp_text user %R (at 0 0) (layer F.Fab)
      (effects (font (size 0.5 0.5) (thickness 0.08)))
    )
    (fp_line (start -1 0.625) (end -1 -0.625) (layer F.Fab) (width 0.1))
    (fp_line (start -1 -0.625) (end 1 -0.625) (layer F.Fab) (width 0.1))
    (fp_line (start 1 -0.625) (end 1 0.625) (layer F.Fab) (width 0.1))
    (fp_line (start 1 0.625) (end -1 0.625) (layer F.Fab) (width 0.1))
    (fp_line (start -0.227064 -0.735) (end 0.227064 -0.735) (layer F.SilkS) (width 0.12))
    (fp_line (start -0.227064 0.735) (end 0.227064 0.735) (layer F.SilkS) (width 0.12))
    (fp_line (start -1.68 0.95) (end -1.68 -0.95) (layer F.CrtYd) (width 0.05))
    (fp_line (start -1.68 -0.95) (end 1.68 -0.95) (layer F.CrtYd) (width 0.05))
    (fp_line (start 1.68 -0.95) (end 1.68 0.95) (layer F.CrtYd) (width 0.05))
    (fp_line (start 1.68 0.95) (end -1.68 0.95) (layer F.CrtYd) (width 0.05))
    (pad 2 smd roundrect (at 0.9125 0 180) (size 1.025 1.4) (layers F.Cu F.Paste F.Mask) (roundrect_rratio 0.243902)
      (net 43 "Net-(R18-Pad1)"))
    (pad 1 smd roundrect (at -0.9125 0 180) (size 1.025 1.4) (layers F.Cu F.Paste F.Mask) (roundrect_rratio 0.243902)
      (net 46 "Net-(R22-Pad1)"))
    (model ${KISYS3DMOD}/Resistor_SMD.3dshapes/R_0805_2012Metric.wrl
      (at (xyz 0 0 0))
      (scale (xyz 1 1 1))
      (rotate (xyz 0 0 0))
    )
  )

  (module emg-filter:LM4565 (layer F.Cu) (tedit 61E22B09) (tstamp 61F9B07E)
    (at 92.15 125.05 270)
    (path /622DADD3/62542101/621836E0)
    (fp_text reference U5 (at 3.048 -1.524 90) (layer F.SilkS)
      (effects (font (size 1 1) (thickness 0.15)))
    )
    (fp_text value LM4565 (at 3.048 3.556 90) (layer F.Fab)
      (effects (font (size 1 1) (thickness 0.15)))
    )
    (fp_line (start 1.524 -0.254) (end 1.27 -0.254) (layer F.Fab) (width 0.12))
    (fp_line (start 1.524 0) (end 1.27 0) (layer F.Fab) (width 0.12))
    (fp_line (start 1.524 0) (end 1.524 -0.254) (layer F.Fab) (width 0.12))
    (fp_line (start 1.27 0) (end 1.27 -0.254) (layer F.Fab) (width 0.12))
    (fp_line (start 1.016 -0.508) (end 1.016 2.54) (layer F.Fab) (width 0.12))
    (fp_line (start 1.016 2.54) (end 4.826 2.54) (layer F.Fab) (width 0.12))
    (fp_line (start 4.826 2.54) (end 4.826 -0.508) (layer F.Fab) (width 0.12))
    (fp_line (start 4.826 -0.508) (end 1.016 -0.508) (layer F.Fab) (width 0.12))
    (fp_line (start 1.27 0) (end 1.27 -0.254) (layer F.SilkS) (width 0.12))
    (fp_line (start 1.524 0) (end 1.27 0) (layer F.SilkS) (width 0.12))
    (fp_line (start 1.524 0) (end 1.524 -0.254) (layer F.SilkS) (width 0.12))
    (fp_line (start 1.524 -0.254) (end 1.27 -0.254) (layer F.SilkS) (width 0.12))
    (pad 8 smd rect (at 5.8 0 270) (size 1.2 0.35) (layers F.Cu F.Paste F.Mask)
      (net 3 +5V))
    (pad 7 smd rect (at 5.8 0.65 270) (size 1.2 0.35) (layers F.Cu F.Paste F.Mask)
      (net 13 /emg_module/sheet625420F9/RECT_AMP))
    (pad 6 smd rect (at 5.8 1.3 270) (size 1.2 0.35) (layers F.Cu F.Paste F.Mask)
      (net 46 "Net-(R22-Pad1)"))
    (pad 5 smd rect (at 5.8 1.95 270) (size 1.2 0.35) (layers F.Cu F.Paste F.Mask)
      (net 2 GND))
    (pad 4 smd rect (at 0 1.95 270) (size 1.2 0.35) (layers F.Cu F.Paste F.Mask)
      (net 1 -5V))
    (pad 3 smd rect (at 0 1.3 270) (size 1.2 0.35) (layers F.Cu F.Paste F.Mask)
      (net 2 GND))
    (pad 2 smd rect (at 0 0.65 270) (size 1.2 0.35) (layers F.Cu F.Paste F.Mask)
      (net 10 "Net-(D1-Pad1)"))
    (pad 1 smd rect (at 0 0 270) (size 1.2 0.35) (layers F.Cu F.Paste F.Mask)
      (net 9 "Net-(D1-Pad2)"))
  )

  (module emg-filter:LM4565 (layer F.Cu) (tedit 61E22B09) (tstamp 61F9BF9F)
    (at 84.79 128.7 180)
    (path /622DADD3/62542101/6218379F)
    (fp_text reference U4 (at 3.048 -1.524) (layer F.SilkS)
      (effects (font (size 1 1) (thickness 0.15)))
    )
    (fp_text value LM4565 (at 3.048 3.556) (layer F.Fab)
      (effects (font (size 1 1) (thickness 0.15)))
    )
    (fp_line (start 1.524 -0.254) (end 1.27 -0.254) (layer F.Fab) (width 0.12))
    (fp_line (start 1.524 0) (end 1.27 0) (layer F.Fab) (width 0.12))
    (fp_line (start 1.524 0) (end 1.524 -0.254) (layer F.Fab) (width 0.12))
    (fp_line (start 1.27 0) (end 1.27 -0.254) (layer F.Fab) (width 0.12))
    (fp_line (start 1.016 -0.508) (end 1.016 2.54) (layer F.Fab) (width 0.12))
    (fp_line (start 1.016 2.54) (end 4.826 2.54) (layer F.Fab) (width 0.12))
    (fp_line (start 4.826 2.54) (end 4.826 -0.508) (layer F.Fab) (width 0.12))
    (fp_line (start 4.826 -0.508) (end 1.016 -0.508) (layer F.Fab) (width 0.12))
    (fp_line (start 1.27 0) (end 1.27 -0.254) (layer F.SilkS) (width 0.12))
    (fp_line (start 1.524 0) (end 1.27 0) (layer F.SilkS) (width 0.12))
    (fp_line (start 1.524 0) (end 1.524 -0.254) (layer F.SilkS) (width 0.12))
    (fp_line (start 1.524 -0.254) (end 1.27 -0.254) (layer F.SilkS) (width 0.12))
    (pad 8 smd rect (at 5.8 0 180) (size 1.2 0.35) (layers F.Cu F.Paste F.Mask)
      (net 3 +5V))
    (pad 7 smd rect (at 5.8 0.65 180) (size 1.2 0.35) (layers F.Cu F.Paste F.Mask)
      (net 31 "Net-(C13-Pad1)"))
    (pad 6 smd rect (at 5.8 1.3 180) (size 1.2 0.35) (layers F.Cu F.Paste F.Mask)
      (net 31 "Net-(C13-Pad1)"))
    (pad 5 smd rect (at 5.8 1.95 180) (size 1.2 0.35) (layers F.Cu F.Paste F.Mask)
      (net 44 "Net-(R19-Pad1)"))
    (pad 4 smd rect (at 0 1.95 180) (size 1.2 0.35) (layers F.Cu F.Paste F.Mask)
      (net 1 -5V))
    (pad 3 smd rect (at 0 1.3 180) (size 1.2 0.35) (layers F.Cu F.Paste F.Mask)
      (net 33 "Net-(C15-Pad1)"))
    (pad 2 smd rect (at 0 0.65 180) (size 1.2 0.35) (layers F.Cu F.Paste F.Mask)
      (net 43 "Net-(R18-Pad1)"))
    (pad 1 smd rect (at 0 0 180) (size 1.2 0.35) (layers F.Cu F.Paste F.Mask)
      (net 43 "Net-(R18-Pad1)"))
  )

  (module Resistor_SMD:R_0805_2012Metric (layer B.Cu) (tedit 5F68FEEE) (tstamp 61F9C00D)
    (at 91.134 127.11 180)
    (descr "Resistor SMD 0805 (2012 Metric), square (rectangular) end terminal, IPC_7351 nominal, (Body size source: IPC-SM-782 page 72, https://www.pcb-3d.com/wordpress/wp-content/uploads/ipc-sm-782a_amendment_1_and_2.pdf), generated with kicad-footprint-generator")
    (tags resistor)
    (path /622DADD3/62542101/621836CE)
    (attr smd)
    (fp_text reference R24 (at 0 1.65) (layer B.SilkS)
      (effects (font (size 1 1) (thickness 0.15)) (justify mirror))
    )
    (fp_text value 10k (at 0 -1.65) (layer B.Fab)
      (effects (font (size 1 1) (thickness 0.15)) (justify mirror))
    )
    (fp_text user %R (at 0 0) (layer B.Fab)
      (effects (font (size 0.5 0.5) (thickness 0.08)) (justify mirror))
    )
    (fp_line (start -1 -0.625) (end -1 0.625) (layer B.Fab) (width 0.1))
    (fp_line (start -1 0.625) (end 1 0.625) (layer B.Fab) (width 0.1))
    (fp_line (start 1 0.625) (end 1 -0.625) (layer B.Fab) (width 0.1))
    (fp_line (start 1 -0.625) (end -1 -0.625) (layer B.Fab) (width 0.1))
    (fp_line (start -0.227064 0.735) (end 0.227064 0.735) (layer B.SilkS) (width 0.12))
    (fp_line (start -0.227064 -0.735) (end 0.227064 -0.735) (layer B.SilkS) (width 0.12))
    (fp_line (start -1.68 -0.95) (end -1.68 0.95) (layer B.CrtYd) (width 0.05))
    (fp_line (start -1.68 0.95) (end 1.68 0.95) (layer B.CrtYd) (width 0.05))
    (fp_line (start 1.68 0.95) (end 1.68 -0.95) (layer B.CrtYd) (width 0.05))
    (fp_line (start 1.68 -0.95) (end -1.68 -0.95) (layer B.CrtYd) (width 0.05))
    (pad 2 smd roundrect (at 0.9125 0 180) (size 1.025 1.4) (layers B.Cu B.Paste B.Mask) (roundrect_rratio 0.243902)
      (net 46 "Net-(R22-Pad1)"))
    (pad 1 smd roundrect (at -0.9125 0 180) (size 1.025 1.4) (layers B.Cu B.Paste B.Mask) (roundrect_rratio 0.243902)
      (net 13 /emg_module/sheet625420F9/RECT_AMP))
    (model ${KISYS3DMOD}/Resistor_SMD.3dshapes/R_0805_2012Metric.wrl
      (at (xyz 0 0 0))
      (scale (xyz 1 1 1))
      (rotate (xyz 0 0 0))
    )
  )

  (module Resistor_SMD:R_0805_2012Metric (layer F.Cu) (tedit 5F68FEEE) (tstamp 61F9B83F)
    (at 81.89 124.85)
    (descr "Resistor SMD 0805 (2012 Metric), square (rectangular) end terminal, IPC_7351 nominal, (Body size source: IPC-SM-782 page 72, https://www.pcb-3d.com/wordpress/wp-content/uploads/ipc-sm-782a_amendment_1_and_2.pdf), generated with kicad-footprint-generator")
    (tags resistor)
    (path /622DADD3/62542101/62183769)
    (attr smd)
    (fp_text reference R19 (at 0 -1.65) (layer F.SilkS)
      (effects (font (size 1 1) (thickness 0.15)))
    )
    (fp_text value 2k (at 0 1.65) (layer F.Fab)
      (effects (font (size 1 1) (thickness 0.15)))
    )
    (fp_text user %R (at 0 0) (layer F.Fab)
      (effects (font (size 0.5 0.5) (thickness 0.08)))
    )
    (fp_line (start -1 0.625) (end -1 -0.625) (layer F.Fab) (width 0.1))
    (fp_line (start -1 -0.625) (end 1 -0.625) (layer F.Fab) (width 0.1))
    (fp_line (start 1 -0.625) (end 1 0.625) (layer F.Fab) (width 0.1))
    (fp_line (start 1 0.625) (end -1 0.625) (layer F.Fab) (width 0.1))
    (fp_line (start -0.227064 -0.735) (end 0.227064 -0.735) (layer F.SilkS) (width 0.12))
    (fp_line (start -0.227064 0.735) (end 0.227064 0.735) (layer F.SilkS) (width 0.12))
    (fp_line (start -1.68 0.95) (end -1.68 -0.95) (layer F.CrtYd) (width 0.05))
    (fp_line (start -1.68 -0.95) (end 1.68 -0.95) (layer F.CrtYd) (width 0.05))
    (fp_line (start 1.68 -0.95) (end 1.68 0.95) (layer F.CrtYd) (width 0.05))
    (fp_line (start 1.68 0.95) (end -1.68 0.95) (layer F.CrtYd) (width 0.05))
    (pad 2 smd roundrect (at 0.9125 0) (size 1.025 1.4) (layers F.Cu F.Paste F.Mask) (roundrect_rratio 0.243902)
      (net 43 "Net-(R18-Pad1)"))
    (pad 1 smd roundrect (at -0.9125 0) (size 1.025 1.4) (layers F.Cu F.Paste F.Mask) (roundrect_rratio 0.243902)
      (net 44 "Net-(R19-Pad1)"))
    (model ${KISYS3DMOD}/Resistor_SMD.3dshapes/R_0805_2012Metric.wrl
      (at (xyz 0 0 0))
      (scale (xyz 1 1 1))
      (rotate (xyz 0 0 0))
    )
  )

  (module emg-filter:LM4565 (layer F.Cu) (tedit 61E22B09) (tstamp 61F9B0C6)
    (at 92.15 98.51 270)
    (path /622DADD3/6254210B/621836E0)
    (fp_text reference U7 (at 3.048 -1.524 90) (layer F.SilkS)
      (effects (font (size 1 1) (thickness 0.15)))
    )
    (fp_text value LM4565 (at 3.048 3.556 90) (layer F.Fab)
      (effects (font (size 1 1) (thickness 0.15)))
    )
    (fp_line (start 1.524 -0.254) (end 1.27 -0.254) (layer F.Fab) (width 0.12))
    (fp_line (start 1.524 0) (end 1.27 0) (layer F.Fab) (width 0.12))
    (fp_line (start 1.524 0) (end 1.524 -0.254) (layer F.Fab) (width 0.12))
    (fp_line (start 1.27 0) (end 1.27 -0.254) (layer F.Fab) (width 0.12))
    (fp_line (start 1.016 -0.508) (end 1.016 2.54) (layer F.Fab) (width 0.12))
    (fp_line (start 1.016 2.54) (end 4.826 2.54) (layer F.Fab) (width 0.12))
    (fp_line (start 4.826 2.54) (end 4.826 -0.508) (layer F.Fab) (width 0.12))
    (fp_line (start 4.826 -0.508) (end 1.016 -0.508) (layer F.Fab) (width 0.12))
    (fp_line (start 1.27 0) (end 1.27 -0.254) (layer F.SilkS) (width 0.12))
    (fp_line (start 1.524 0) (end 1.27 0) (layer F.SilkS) (width 0.12))
    (fp_line (start 1.524 0) (end 1.524 -0.254) (layer F.SilkS) (width 0.12))
    (fp_line (start 1.524 -0.254) (end 1.27 -0.254) (layer F.SilkS) (width 0.12))
    (pad 8 smd rect (at 5.8 0 270) (size 1.2 0.35) (layers F.Cu F.Paste F.Mask)
      (net 3 +5V))
    (pad 7 smd rect (at 5.8 0.65 270) (size 1.2 0.35) (layers F.Cu F.Paste F.Mask)
      (net 14 /emg_module/sheet625420FA/RECT_AMP))
    (pad 6 smd rect (at 5.8 1.3 270) (size 1.2 0.35) (layers F.Cu F.Paste F.Mask)
      (net 51 "Net-(R35-Pad1)"))
    (pad 5 smd rect (at 5.8 1.95 270) (size 1.2 0.35) (layers F.Cu F.Paste F.Mask)
      (net 2 GND))
    (pad 4 smd rect (at 0 1.95 270) (size 1.2 0.35) (layers F.Cu F.Paste F.Mask)
      (net 1 -5V))
    (pad 3 smd rect (at 0 1.3 270) (size 1.2 0.35) (layers F.Cu F.Paste F.Mask)
      (net 2 GND))
    (pad 2 smd rect (at 0 0.65 270) (size 1.2 0.35) (layers F.Cu F.Paste F.Mask)
      (net 36 "Net-(D3-Pad1)"))
    (pad 1 smd rect (at 0 0 270) (size 1.2 0.35) (layers F.Cu F.Paste F.Mask)
      (net 35 "Net-(D3-Pad2)"))
  )

  (module emg-filter:LM4565 (layer F.Cu) (tedit 61E22B09) (tstamp 61F9B10B)
    (at 84.79 102.16 180)
    (path /622DADD3/6254210B/6218379F)
    (fp_text reference U6 (at 3.048 -1.524) (layer F.SilkS)
      (effects (font (size 1 1) (thickness 0.15)))
    )
    (fp_text value LM4565 (at 3.048 3.556) (layer F.Fab)
      (effects (font (size 1 1) (thickness 0.15)))
    )
    (fp_line (start 1.524 -0.254) (end 1.27 -0.254) (layer F.Fab) (width 0.12))
    (fp_line (start 1.524 0) (end 1.27 0) (layer F.Fab) (width 0.12))
    (fp_line (start 1.524 0) (end 1.524 -0.254) (layer F.Fab) (width 0.12))
    (fp_line (start 1.27 0) (end 1.27 -0.254) (layer F.Fab) (width 0.12))
    (fp_line (start 1.016 -0.508) (end 1.016 2.54) (layer F.Fab) (width 0.12))
    (fp_line (start 1.016 2.54) (end 4.826 2.54) (layer F.Fab) (width 0.12))
    (fp_line (start 4.826 2.54) (end 4.826 -0.508) (layer F.Fab) (width 0.12))
    (fp_line (start 4.826 -0.508) (end 1.016 -0.508) (layer F.Fab) (width 0.12))
    (fp_line (start 1.27 0) (end 1.27 -0.254) (layer F.SilkS) (width 0.12))
    (fp_line (start 1.524 0) (end 1.27 0) (layer F.SilkS) (width 0.12))
    (fp_line (start 1.524 0) (end 1.524 -0.254) (layer F.SilkS) (width 0.12))
    (fp_line (start 1.524 -0.254) (end 1.27 -0.254) (layer F.SilkS) (width 0.12))
    (pad 8 smd rect (at 5.8 0 180) (size 1.2 0.35) (layers F.Cu F.Paste F.Mask)
      (net 3 +5V))
    (pad 7 smd rect (at 5.8 0.65 180) (size 1.2 0.35) (layers F.Cu F.Paste F.Mask)
      (net 7 "Net-(C20-Pad1)"))
    (pad 6 smd rect (at 5.8 1.3 180) (size 1.2 0.35) (layers F.Cu F.Paste F.Mask)
      (net 7 "Net-(C20-Pad1)"))
    (pad 5 smd rect (at 5.8 1.95 180) (size 1.2 0.35) (layers F.Cu F.Paste F.Mask)
      (net 23 "Net-(R32-Pad1)"))
    (pad 4 smd rect (at 0 1.95 180) (size 1.2 0.35) (layers F.Cu F.Paste F.Mask)
      (net 1 -5V))
    (pad 3 smd rect (at 0 1.3 180) (size 1.2 0.35) (layers F.Cu F.Paste F.Mask)
      (net 34 "Net-(C22-Pad1)"))
    (pad 2 smd rect (at 0 0.65 180) (size 1.2 0.35) (layers F.Cu F.Paste F.Mask)
      (net 49 "Net-(R31-Pad1)"))
    (pad 1 smd rect (at 0 0 180) (size 1.2 0.35) (layers F.Cu F.Paste F.Mask)
      (net 49 "Net-(R31-Pad1)"))
  )

  (module Resistor_SMD:R_0805_2012Metric (layer F.Cu) (tedit 5F68FEEE) (tstamp 61F9B149)
    (at 95.63 103.835 180)
    (descr "Resistor SMD 0805 (2012 Metric), square (rectangular) end terminal, IPC_7351 nominal, (Body size source: IPC-SM-782 page 72, https://www.pcb-3d.com/wordpress/wp-content/uploads/ipc-sm-782a_amendment_1_and_2.pdf), generated with kicad-footprint-generator")
    (tags resistor)
    (path /622DADD3/6254210B/621836B6)
    (attr smd)
    (fp_text reference R38 (at 0 -1.65) (layer F.SilkS)
      (effects (font (size 1 1) (thickness 0.15)))
    )
    (fp_text value 5k (at 0 1.65) (layer F.Fab)
      (effects (font (size 1 1) (thickness 0.15)))
    )
    (fp_text user %R (at 0 0) (layer F.Fab)
      (effects (font (size 0.5 0.5) (thickness 0.08)))
    )
    (fp_line (start -1 0.625) (end -1 -0.625) (layer F.Fab) (width 0.1))
    (fp_line (start -1 -0.625) (end 1 -0.625) (layer F.Fab) (width 0.1))
    (fp_line (start 1 -0.625) (end 1 0.625) (layer F.Fab) (width 0.1))
    (fp_line (start 1 0.625) (end -1 0.625) (layer F.Fab) (width 0.1))
    (fp_line (start -0.227064 -0.735) (end 0.227064 -0.735) (layer F.SilkS) (width 0.12))
    (fp_line (start -0.227064 0.735) (end 0.227064 0.735) (layer F.SilkS) (width 0.12))
    (fp_line (start -1.68 0.95) (end -1.68 -0.95) (layer F.CrtYd) (width 0.05))
    (fp_line (start -1.68 -0.95) (end 1.68 -0.95) (layer F.CrtYd) (width 0.05))
    (fp_line (start 1.68 -0.95) (end 1.68 0.95) (layer F.CrtYd) (width 0.05))
    (fp_line (start 1.68 0.95) (end -1.68 0.95) (layer F.CrtYd) (width 0.05))
    (pad 2 smd roundrect (at 0.9125 0 180) (size 1.025 1.4) (layers F.Cu F.Paste F.Mask) (roundrect_rratio 0.243902)
      (net 51 "Net-(R35-Pad1)"))
    (pad 1 smd roundrect (at -0.9125 0 180) (size 1.025 1.4) (layers F.Cu F.Paste F.Mask) (roundrect_rratio 0.243902)
      (net 37 "Net-(D4-Pad2)"))
    (model ${KISYS3DMOD}/Resistor_SMD.3dshapes/R_0805_2012Metric.wrl
      (at (xyz 0 0 0))
      (scale (xyz 1 1 1))
      (rotate (xyz 0 0 0))
    )
  )

  (module Resistor_SMD:R_0805_2012Metric (layer B.Cu) (tedit 5F68FEEE) (tstamp 61FB51F2)
    (at 91.13 100.57 180)
    (descr "Resistor SMD 0805 (2012 Metric), square (rectangular) end terminal, IPC_7351 nominal, (Body size source: IPC-SM-782 page 72, https://www.pcb-3d.com/wordpress/wp-content/uploads/ipc-sm-782a_amendment_1_and_2.pdf), generated with kicad-footprint-generator")
    (tags resistor)
    (path /622DADD3/6254210B/621836CE)
    (attr smd)
    (fp_text reference R37 (at 0 1.65) (layer B.SilkS)
      (effects (font (size 1 1) (thickness 0.15)) (justify mirror))
    )
    (fp_text value 10k (at 0 -1.65) (layer B.Fab)
      (effects (font (size 1 1) (thickness 0.15)) (justify mirror))
    )
    (fp_text user %R (at 0 0) (layer B.Fab)
      (effects (font (size 0.5 0.5) (thickness 0.08)) (justify mirror))
    )
    (fp_line (start -1 -0.625) (end -1 0.625) (layer B.Fab) (width 0.1))
    (fp_line (start -1 0.625) (end 1 0.625) (layer B.Fab) (width 0.1))
    (fp_line (start 1 0.625) (end 1 -0.625) (layer B.Fab) (width 0.1))
    (fp_line (start 1 -0.625) (end -1 -0.625) (layer B.Fab) (width 0.1))
    (fp_line (start -0.227064 0.735) (end 0.227064 0.735) (layer B.SilkS) (width 0.12))
    (fp_line (start -0.227064 -0.735) (end 0.227064 -0.735) (layer B.SilkS) (width 0.12))
    (fp_line (start -1.68 -0.95) (end -1.68 0.95) (layer B.CrtYd) (width 0.05))
    (fp_line (start -1.68 0.95) (end 1.68 0.95) (layer B.CrtYd) (width 0.05))
    (fp_line (start 1.68 0.95) (end 1.68 -0.95) (layer B.CrtYd) (width 0.05))
    (fp_line (start 1.68 -0.95) (end -1.68 -0.95) (layer B.CrtYd) (width 0.05))
    (pad 2 smd roundrect (at 0.9125 0 180) (size 1.025 1.4) (layers B.Cu B.Paste B.Mask) (roundrect_rratio 0.243902)
      (net 51 "Net-(R35-Pad1)"))
    (pad 1 smd roundrect (at -0.9125 0 180) (size 1.025 1.4) (layers B.Cu B.Paste B.Mask) (roundrect_rratio 0.243902)
      (net 14 /emg_module/sheet625420FA/RECT_AMP))
    (model ${KISYS3DMOD}/Resistor_SMD.3dshapes/R_0805_2012Metric.wrl
      (at (xyz 0 0 0))
      (scale (xyz 1 1 1))
      (rotate (xyz 0 0 0))
    )
  )

  (module Resistor_SMD:R_0805_2012Metric (layer F.Cu) (tedit 5F68FEEE) (tstamp 61F9B1A9)
    (at 80.875 104.485 270)
    (descr "Resistor SMD 0805 (2012 Metric), square (rectangular) end terminal, IPC_7351 nominal, (Body size source: IPC-SM-782 page 72, https://www.pcb-3d.com/wordpress/wp-content/uploads/ipc-sm-782a_amendment_1_and_2.pdf), generated with kicad-footprint-generator")
    (tags resistor)
    (path /622DADD3/6254210B/61FF81EA)
    (attr smd)
    (fp_text reference R36 (at 0 -1.65 90) (layer F.SilkS)
      (effects (font (size 1 1) (thickness 0.15)))
    )
    (fp_text value 133k (at 0 1.65 90) (layer F.Fab)
      (effects (font (size 1 1) (thickness 0.15)))
    )
    (fp_text user %R (at 0 0 90) (layer F.Fab)
      (effects (font (size 0.5 0.5) (thickness 0.08)))
    )
    (fp_line (start -1 0.625) (end -1 -0.625) (layer F.Fab) (width 0.1))
    (fp_line (start -1 -0.625) (end 1 -0.625) (layer F.Fab) (width 0.1))
    (fp_line (start 1 -0.625) (end 1 0.625) (layer F.Fab) (width 0.1))
    (fp_line (start 1 0.625) (end -1 0.625) (layer F.Fab) (width 0.1))
    (fp_line (start -0.227064 -0.735) (end 0.227064 -0.735) (layer F.SilkS) (width 0.12))
    (fp_line (start -0.227064 0.735) (end 0.227064 0.735) (layer F.SilkS) (width 0.12))
    (fp_line (start -1.68 0.95) (end -1.68 -0.95) (layer F.CrtYd) (width 0.05))
    (fp_line (start -1.68 -0.95) (end 1.68 -0.95) (layer F.CrtYd) (width 0.05))
    (fp_line (start 1.68 -0.95) (end 1.68 0.95) (layer F.CrtYd) (width 0.05))
    (fp_line (start 1.68 0.95) (end -1.68 0.95) (layer F.CrtYd) (width 0.05))
    (pad 2 smd roundrect (at 0.9125 0 270) (size 1.025 1.4) (layers F.Cu F.Paste F.Mask) (roundrect_rratio 0.243902)
      (net 50 "Net-(R34-Pad2)"))
    (pad 1 smd roundrect (at -0.9125 0 270) (size 1.025 1.4) (layers F.Cu F.Paste F.Mask) (roundrect_rratio 0.243902)
      (net 2 GND))
    (model ${KISYS3DMOD}/Resistor_SMD.3dshapes/R_0805_2012Metric.wrl
      (at (xyz 0 0 0))
      (scale (xyz 1 1 1))
      (rotate (xyz 0 0 0))
    )
  )

  (module Resistor_SMD:R_0805_2012Metric (layer F.Cu) (tedit 5F68FEEE) (tstamp 61F9B1D9)
    (at 87.7 102.435 180)
    (descr "Resistor SMD 0805 (2012 Metric), square (rectangular) end terminal, IPC_7351 nominal, (Body size source: IPC-SM-782 page 72, https://www.pcb-3d.com/wordpress/wp-content/uploads/ipc-sm-782a_amendment_1_and_2.pdf), generated with kicad-footprint-generator")
    (tags resistor)
    (path /622DADD3/6254210B/621836BC)
    (attr smd)
    (fp_text reference R35 (at 0 -1.65) (layer F.SilkS)
      (effects (font (size 1 1) (thickness 0.15)))
    )
    (fp_text value 10k (at 0 1.65) (layer F.Fab)
      (effects (font (size 1 1) (thickness 0.15)))
    )
    (fp_text user %R (at 0 0) (layer F.Fab)
      (effects (font (size 0.5 0.5) (thickness 0.08)))
    )
    (fp_line (start -1 0.625) (end -1 -0.625) (layer F.Fab) (width 0.1))
    (fp_line (start -1 -0.625) (end 1 -0.625) (layer F.Fab) (width 0.1))
    (fp_line (start 1 -0.625) (end 1 0.625) (layer F.Fab) (width 0.1))
    (fp_line (start 1 0.625) (end -1 0.625) (layer F.Fab) (width 0.1))
    (fp_line (start -0.227064 -0.735) (end 0.227064 -0.735) (layer F.SilkS) (width 0.12))
    (fp_line (start -0.227064 0.735) (end 0.227064 0.735) (layer F.SilkS) (width 0.12))
    (fp_line (start -1.68 0.95) (end -1.68 -0.95) (layer F.CrtYd) (width 0.05))
    (fp_line (start -1.68 -0.95) (end 1.68 -0.95) (layer F.CrtYd) (width 0.05))
    (fp_line (start 1.68 -0.95) (end 1.68 0.95) (layer F.CrtYd) (width 0.05))
    (fp_line (start 1.68 0.95) (end -1.68 0.95) (layer F.CrtYd) (width 0.05))
    (pad 2 smd roundrect (at 0.9125 0 180) (size 1.025 1.4) (layers F.Cu F.Paste F.Mask) (roundrect_rratio 0.243902)
      (net 49 "Net-(R31-Pad1)"))
    (pad 1 smd roundrect (at -0.9125 0 180) (size 1.025 1.4) (layers F.Cu F.Paste F.Mask) (roundrect_rratio 0.243902)
      (net 51 "Net-(R35-Pad1)"))
    (model ${KISYS3DMOD}/Resistor_SMD.3dshapes/R_0805_2012Metric.wrl
      (at (xyz 0 0 0))
      (scale (xyz 1 1 1))
      (rotate (xyz 0 0 0))
    )
  )

  (module Resistor_SMD:R_0805_2012Metric (layer F.Cu) (tedit 5F68FEEE) (tstamp 61F9B209)
    (at 82.875 104.485 270)
    (descr "Resistor SMD 0805 (2012 Metric), square (rectangular) end terminal, IPC_7351 nominal, (Body size source: IPC-SM-782 page 72, https://www.pcb-3d.com/wordpress/wp-content/uploads/ipc-sm-782a_amendment_1_and_2.pdf), generated with kicad-footprint-generator")
    (tags resistor)
    (path /622DADD3/6254210B/61FF591E)
    (attr smd)
    (fp_text reference R34 (at 0 -1.65 90) (layer F.SilkS)
      (effects (font (size 1 1) (thickness 0.15)))
    )
    (fp_text value 133k (at 0 1.65 90) (layer F.Fab)
      (effects (font (size 1 1) (thickness 0.15)))
    )
    (fp_text user %R (at 0 0 90) (layer F.Fab)
      (effects (font (size 0.5 0.5) (thickness 0.08)))
    )
    (fp_line (start -1 0.625) (end -1 -0.625) (layer F.Fab) (width 0.1))
    (fp_line (start -1 -0.625) (end 1 -0.625) (layer F.Fab) (width 0.1))
    (fp_line (start 1 -0.625) (end 1 0.625) (layer F.Fab) (width 0.1))
    (fp_line (start 1 0.625) (end -1 0.625) (layer F.Fab) (width 0.1))
    (fp_line (start -0.227064 -0.735) (end 0.227064 -0.735) (layer F.SilkS) (width 0.12))
    (fp_line (start -0.227064 0.735) (end 0.227064 0.735) (layer F.SilkS) (width 0.12))
    (fp_line (start -1.68 0.95) (end -1.68 -0.95) (layer F.CrtYd) (width 0.05))
    (fp_line (start -1.68 -0.95) (end 1.68 -0.95) (layer F.CrtYd) (width 0.05))
    (fp_line (start 1.68 -0.95) (end 1.68 0.95) (layer F.CrtYd) (width 0.05))
    (fp_line (start 1.68 0.95) (end -1.68 0.95) (layer F.CrtYd) (width 0.05))
    (pad 2 smd roundrect (at 0.9125 0 270) (size 1.025 1.4) (layers F.Cu F.Paste F.Mask) (roundrect_rratio 0.243902)
      (net 50 "Net-(R34-Pad2)"))
    (pad 1 smd roundrect (at -0.9125 0 270) (size 1.025 1.4) (layers F.Cu F.Paste F.Mask) (roundrect_rratio 0.243902)
      (net 23 "Net-(R32-Pad1)"))
    (model ${KISYS3DMOD}/Resistor_SMD.3dshapes/R_0805_2012Metric.wrl
      (at (xyz 0 0 0))
      (scale (xyz 1 1 1))
      (rotate (xyz 0 0 0))
    )
  )

  (module Resistor_SMD:R_0805_2012Metric (layer F.Cu) (tedit 5F68FEEE) (tstamp 61F9B239)
    (at 73.315 99.01 90)
    (descr "Resistor SMD 0805 (2012 Metric), square (rectangular) end terminal, IPC_7351 nominal, (Body size source: IPC-SM-782 page 72, https://www.pcb-3d.com/wordpress/wp-content/uploads/ipc-sm-782a_amendment_1_and_2.pdf), generated with kicad-footprint-generator")
    (tags resistor)
    (path /622DADD3/6254210B/6216552F)
    (attr smd)
    (fp_text reference R33 (at 0 -1.65 90) (layer F.SilkS)
      (effects (font (size 1 1) (thickness 0.15)))
    )
    (fp_text value 133k (at 0 1.65 90) (layer F.Fab)
      (effects (font (size 1 1) (thickness 0.15)))
    )
    (fp_text user %R (at 0 0 90) (layer F.Fab)
      (effects (font (size 0.5 0.5) (thickness 0.08)))
    )
    (fp_line (start -1 0.625) (end -1 -0.625) (layer F.Fab) (width 0.1))
    (fp_line (start -1 -0.625) (end 1 -0.625) (layer F.Fab) (width 0.1))
    (fp_line (start 1 -0.625) (end 1 0.625) (layer F.Fab) (width 0.1))
    (fp_line (start 1 0.625) (end -1 0.625) (layer F.Fab) (width 0.1))
    (fp_line (start -0.227064 -0.735) (end 0.227064 -0.735) (layer F.SilkS) (width 0.12))
